- lat: -37.839124
  lng: 144.995978
  name: Toorak Office